// State Graph for tennnl
digraph {
	rankdir=LR
	fontname="Segoe UI" fontsize=20 label=tennnl labelloc=t
	000000000
	011000000
	000000000 -> 011000000
	000000001
	011010000
	000000001 -> 011010000
	000000010
	011001000
	000000010 -> 011001000
	000000011
	011010000
	000000011 -> 011010000
	000000100
	010010000
	000000100 -> 010010000
	000000101
	010010000
	000000101 -> 010010000
	000000110
	010011000
	000000110 -> 010011000
	000000111
	010010000
	000000111 -> 010010000
	000001000
	011100010
	000001000 -> 011100010
	000001001
	011110010
	000001001 -> 011110010
	000001010
	011101010
	000001010 -> 011101010
	000001011
	011110010
	000001011 -> 011110010
	000001100
	010110010
	000001100 -> 010110010
	000001101
	010110010
	000001101 -> 010110010
	000001110
	010111010
	000001110 -> 010111010
	000001111
	010110010
	000001111 -> 010110010
	000010000
	011000000
	000010000 -> 011000000
	000010001
	011010000
	000010001 -> 011010000
	000010010
	011001000
	000010010 -> 011001000
	000010011
	011010000
	000010011 -> 011010000
	000010100
	010010000
	000010100 -> 010010000
	000010101
	010010000
	000010101 -> 010010000
	000010110
	010011000
	000010110 -> 010011000
	000010111
	010010000
	000010111 -> 010010000
	000011000
	011100010
	000011000 -> 011100010
	000011001
	011110010
	000011001 -> 011110010
	000011010
	011101010
	000011010 -> 011101010
	000011011
	011110010
	000011011 -> 011110010
	000011100
	010110010
	000011100 -> 010110010
	000011101
	010110010
	000011101 -> 010110010
	000011110
	010111010
	000011110 -> 010111010
	000011111
	010110010
	000011111 -> 010110010
	000100000
	011000000
	000100000 -> 011000000
	000100001
	011010000
	000100001 -> 011010000
	000100010
	011001000
	000100010 -> 011001000
	000100011
	011010000
	000100011 -> 011010000
	000100100
	010010000
	000100100 -> 010010000
	000100101
	010010000
	000100101 -> 010010000
	000100110
	010011000
	000100110 -> 010011000
	000100111
	010010000
	000100111 -> 010010000
	000101000
	011100010
	000101000 -> 011100010
	000101001
	011110010
	000101001 -> 011110010
	000101010
	011101010
	000101010 -> 011101010
	000101011
	011110010
	000101011 -> 011110010
	000101100
	010110010
	000101100 -> 010110010
	000101101
	010110010
	000101101 -> 010110010
	000101110
	010111010
	000101110 -> 010111010
	000101111
	010110010
	000101111 -> 010110010
	000110000
	011000000
	000110000 -> 011000000
	000110001
	011010000
	000110001 -> 011010000
	000110010
	011001000
	000110010 -> 011001000
	000110011
	011010000
	000110011 -> 011010000
	000110100
	010010000
	000110100 -> 010010000
	000110101
	010010000
	000110101 -> 010010000
	000110110
	010011000
	000110110 -> 010011000
	000110111
	010010000
	000110111 -> 010010000
	000111000
	011100010
	000111000 -> 011100010
	000111001
	011110010
	000111001 -> 011110010
	000111010
	011101010
	000111010 -> 011101010
	000111011
	011110010
	000111011 -> 011110010
	000111100
	010110010
	000111100 -> 010110010
	000111101
	010110010
	000111101 -> 010110010
	000111110
	010111010
	000111110 -> 010111010
	000111111
	010110010
	000111111 -> 010110010
	001000000
	011000000
	001000000 -> 011000000
	001000001
	011010000
	001000001 -> 011010000
	001000010
	011001000
	001000010 -> 011001000
	001000011
	011010000
	001000011 -> 011010000
	001000100
	010010000
	001000100 -> 010010000
	001000101
	010010000
	001000101 -> 010010000
	001000110
	010011000
	001000110 -> 010011000
	001000111
	010010000
	001000111 -> 010010000
	001001000
	111100010
	001001000 -> 111100010
	001001001
	111110010
	001001001 -> 111110010
	001001010
	111101010
	001001010 -> 111101010
	001001011
	111110010
	001001011 -> 111110010
	001001100
	110110010
	001001100 -> 110110010
	001001101
	110110010
	001001101 -> 110110010
	001001110
	110111010
	001001110 -> 110111010
	001001111
	110110010
	001001111 -> 110110010
	001010000
	011000000
	001010000 -> 011000000
	001010001
	011010000
	001010001 -> 011010000
	001010010
	011001000
	001010010 -> 011001000
	001010011
	011010000
	001010011 -> 011010000
	001010100
	010010000
	001010100 -> 010010000
	001010101
	010010000
	001010101 -> 010010000
	001010110
	010011000
	001010110 -> 010011000
	001010111
	010010000
	001010111 -> 010010000
	001011000
	111100010
	001011000 -> 111100010
	001011001
	111110010
	001011001 -> 111110010
	001011010
	111101010
	001011010 -> 111101010
	001011011
	111110010
	001011011 -> 111110010
	001011100
	110110010
	001011100 -> 110110010
	001011101
	110110010
	001011101 -> 110110010
	001011110
	110111010
	001011110 -> 110111010
	001011111
	110110010
	001011111 -> 110110010
	001100000
	011000000
	001100000 -> 011000000
	001100001
	011010000
	001100001 -> 011010000
	001100010
	011001000
	001100010 -> 011001000
	001100011
	011010000
	001100011 -> 011010000
	001100100
	010010000
	001100100 -> 010010000
	001100101
	010010000
	001100101 -> 010010000
	001100110
	010011000
	001100110 -> 010011000
	001100111
	010010000
	001100111 -> 010010000
	001101000
	111100010
	001101000 -> 111100010
	001101001
	111110010
	001101001 -> 111110010
	001101010
	111101010
	001101010 -> 111101010
	001101011
	111110010
	001101011 -> 111110010
	001101100
	110110010
	001101100 -> 110110010
	001101101
	110110010
	001101101 -> 110110010
	001101110
	110111010
	001101110 -> 110111010
	001101111
	110110010
	001101111 -> 110110010
	001110000
	011000000
	001110000 -> 011000000
	001110001
	011010000
	001110001 -> 011010000
	001110010
	011001000
	001110010 -> 011001000
	001110011
	011010000
	001110011 -> 011010000
	001110100
	010010000
	001110100 -> 010010000
	001110101
	010010000
	001110101 -> 010010000
	001110110
	010011000
	001110110 -> 010011000
	001110111
	010010000
	001110111 -> 010010000
	001111000
	111100010
	001111000 -> 111100010
	001111001
	111110010
	001111001 -> 111110010
	001111010
	111101010
	001111010 -> 111101010
	001111011
	111110010
	001111011 -> 111110010
	001111100
	110110010
	001111100 -> 110110010
	001111101
	110110010
	001111101 -> 110110010
	001111110
	110111010
	001111110 -> 110111010
	001111111
	110110010
	001111111 -> 110110010
	010000000
	011010000
	010000000 -> 011010000
	010000001
	011010000
	010000001 -> 011010000
	010000010
	011011000
	010000010 -> 011011000
	010000011
	011010100
	010000011 -> 011010100
	010000100
	010000000
	010000100 -> 010000000
	010000101
	010010000
	010000101 -> 010010000
	010000110
	010001000
	010000110 -> 010001000
	010000111
	010010100
	010000111 -> 010010100
	010001000
	011110010
	010001000 -> 011110010
	010001001
	011110110
	010001001 -> 011110110
	010001010
	011111010
	010001010 -> 011111010
	010001011
	011110010
	010001011 -> 011110010
	010001100
	010100010
	010001100 -> 010100010
	010001101
	010110110
	010001101 -> 010110110
	010001110
	010101010
	010001110 -> 010101010
	010001111
	010110010
	010001111 -> 010110010
	010010000
	011010000
	010010000 -> 011010000
	010010001
	011010000
	010010001 -> 011010000
	010010010
	011011000
	010010010 -> 011011000
	010010011
	011010100
	010010011 -> 011010100
	010010100
	010000000
	010010100 -> 010000000
	010010101
	010010000
	010010101 -> 010010000
	010010110
	010001000
	010010110 -> 010001000
	010010111
	010010100
	010010111 -> 010010100
	010011000
	011110010
	010011000 -> 011110010
	010011001
	011110110
	010011001 -> 011110110
	010011010
	011111010
	010011010 -> 011111010
	010011011
	011110010
	010011011 -> 011110010
	010011100
	010100010
	010011100 -> 010100010
	010011101
	010110110
	010011101 -> 010110110
	010011110
	010101010
	010011110 -> 010101010
	010011111
	010110010
	010011111 -> 010110010
	010100000
	011010000
	010100000 -> 011010000
	010100001
	011010000
	010100001 -> 011010000
	010100010
	011011000
	010100010 -> 011011000
	010100011
	011010100
	010100011 -> 011010100
	010100100
	010000000
	010100100 -> 010000000
	010100101
	010010000
	010100101 -> 010010000
	010100110
	010001000
	010100110 -> 010001000
	010100111
	010010100
	010100111 -> 010010100
	010101000
	011110010
	010101000 -> 011110010
	010101001
	011110110
	010101001 -> 011110110
	010101010
	011111010
	010101010 -> 011111010
	010101011
	011110010
	010101011 -> 011110010
	010101100
	010100010
	010101100 -> 010100010
	010101101
	010110110
	010101101 -> 010110110
	010101110
	010101010
	010101110 -> 010101010
	010101111
	010110010
	010101111 -> 010110010
	010110000
	011010000
	010110000 -> 011010000
	010110001
	011010000
	010110001 -> 011010000
	010110010
	011011000
	010110010 -> 011011000
	010110011
	011010100
	010110011 -> 011010100
	010110100
	010000000
	010110100 -> 010000000
	010110101
	010010000
	010110101 -> 010010000
	010110110
	010001000
	010110110 -> 010001000
	010110111
	010010100
	010110111 -> 010010100
	010111000
	011110010
	010111000 -> 011110010
	010111001
	011110110
	010111001 -> 011110110
	010111010
	011111010
	010111010 -> 011111010
	010111011
	011110010
	010111011 -> 011110010
	010111100
	010100010
	010111100 -> 010100010
	010111101
	010110110
	010111101 -> 010110110
	010111110
	010101010
	010111110 -> 010101010
	010111111
	010110010
	010111111 -> 010110010
	011000000
	011010000
	011000000 -> 011010000
	011000001
	011010000
	011000001 -> 011010000
	011000010
	011011000
	011000010 -> 011011000
	011000011
	011010100
	011000011 -> 011010100
	011000100
	010000000
	011000100 -> 010000000
	011000101
	010010000
	011000101 -> 010010000
	011000110
	010001000
	011000110 -> 010001000
	011000111
	010010100
	011000111 -> 010010100
	011001000
	111110010
	011001000 -> 111110010
	011001001
	111110110
	011001001 -> 111110110
	011001010
	111111010
	011001010 -> 111111010
	011001011
	111110010
	011001011 -> 111110010
	011001100
	110100010
	011001100 -> 110100010
	011001101
	110110110
	011001101 -> 110110110
	011001110
	110101010
	011001110 -> 110101010
	011001111
	110110010
	011001111 -> 110110010
	011010000
	011010000
	011010000 -> 011010000
	011010001
	011010000
	011010001 -> 011010000
	011010010
	011011000
	011010010 -> 011011000
	011010011
	011010100
	011010011 -> 011010100
	011010100
	010000000
	011010100 -> 010000000
	011010101
	010010000
	011010101 -> 010010000
	011010110
	010001000
	011010110 -> 010001000
	011010111
	010010100
	011010111 -> 010010100
	011011000
	111110010
	011011000 -> 111110010
	011011001
	111110110
	011011001 -> 111110110
	011011010
	111111010
	011011010 -> 111111010
	011011011
	111110010
	011011011 -> 111110010
	011011100
	110100010
	011011100 -> 110100010
	011011101
	110110110
	011011101 -> 110110110
	011011110
	110101010
	011011110 -> 110101010
	011011111
	110110010
	011011111 -> 110110010
	011100000
	011010000
	011100000 -> 011010000
	011100001
	011010000
	011100001 -> 011010000
	011100010
	011011000
	011100010 -> 011011000
	011100011
	011010100
	011100011 -> 011010100
	011100100
	010000000
	011100100 -> 010000000
	011100101
	010010000
	011100101 -> 010010000
	011100110
	010001000
	011100110 -> 010001000
	011100111
	010010100
	011100111 -> 010010100
	011101000
	111110010
	011101000 -> 111110010
	011101001
	111110110
	011101001 -> 111110110
	011101010
	111111010
	011101010 -> 111111010
	011101011
	111110010
	011101011 -> 111110010
	011101100
	110100010
	011101100 -> 110100010
	011101101
	110110110
	011101101 -> 110110110
	011101110
	110101010
	011101110 -> 110101010
	011101111
	110110010
	011101111 -> 110110010
	011110000
	011010000
	011110000 -> 011010000
	011110001
	011010000
	011110001 -> 011010000
	011110010
	011011000
	011110010 -> 011011000
	011110011
	011010100
	011110011 -> 011010100
	011110100
	010000000
	011110100 -> 010000000
	011110101
	010010000
	011110101 -> 010010000
	011110110
	010001000
	011110110 -> 010001000
	011110111
	010010100
	011110111 -> 010010100
	011111000
	111110010
	011111000 -> 111110010
	011111001
	111110110
	011111001 -> 111110110
	011111010
	111111010
	011111010 -> 111111010
	011111011
	111110010
	011111011 -> 111110010
	011111100
	110100010
	011111100 -> 110100010
	011111101
	110110110
	011111101 -> 110110110
	011111110
	110101010
	011111110 -> 110101010
	011111111
	110110010
	011111111 -> 110110010
	100000000
	011100000
	100000000 -> 011100000
	100000001
	011110000
	100000001 -> 011110000
	100000010
	011101000
	100000010 -> 011101000
	100000011
	011110000
	100000011 -> 011110000
	100000100
	010110001
	100000100 -> 010110001
	100000101
	010110001
	100000101 -> 010110001
	100000110
	010111001
	100000110 -> 010111001
	100000111
	010110001
	100000111 -> 010110001
	100001000
	011000010
	100001000 -> 011000010
	100001001
	011010010
	100001001 -> 011010010
	100001010
	011001010
	100001010 -> 011001010
	100001011
	011010010
	100001011 -> 011010010
	100001100
	010010011
	100001100 -> 010010011
	100001101
	010010011
	100001101 -> 010010011
	100001110
	010011011
	100001110 -> 010011011
	100001111
	010010011
	100001111 -> 010010011
	100010000
	011100000
	100010000 -> 011100000
	100010001
	011110000
	100010001 -> 011110000
	100010010
	011101000
	100010010 -> 011101000
	100010011
	011110000
	100010011 -> 011110000
	100010100
	010110001
	100010100 -> 010110001
	100010101
	010110001
	100010101 -> 010110001
	100010110
	010111001
	100010110 -> 010111001
	100010111
	010110001
	100010111 -> 010110001
	100011000
	011000010
	100011000 -> 011000010
	100011001
	011010010
	100011001 -> 011010010
	100011010
	011001010
	100011010 -> 011001010
	100011011
	011010010
	100011011 -> 011010010
	100011100
	010010011
	100011100 -> 010010011
	100011101
	010010011
	100011101 -> 010010011
	100011110
	010011011
	100011110 -> 010011011
	100011111
	010010011
	100011111 -> 010010011
	100100000
	011100000
	100100000 -> 011100000
	100100001
	011110000
	100100001 -> 011110000
	100100010
	011101000
	100100010 -> 011101000
	100100011
	011110000
	100100011 -> 011110000
	100100100
	010110001
	100100100 -> 010110001
	100100101
	010110001
	100100101 -> 010110001
	100100110
	010111001
	100100110 -> 010111001
	100100111
	010110001
	100100111 -> 010110001
	100101000
	011000010
	100101000 -> 011000010
	100101001
	011010010
	100101001 -> 011010010
	100101010
	011001010
	100101010 -> 011001010
	100101011
	011010010
	100101011 -> 011010010
	100101100
	010010011
	100101100 -> 010010011
	100101101
	010010011
	100101101 -> 010010011
	100101110
	010011011
	100101110 -> 010011011
	100101111
	010010011
	100101111 -> 010010011
	100110000
	011100000
	100110000 -> 011100000
	100110001
	011110000
	100110001 -> 011110000
	100110010
	011101000
	100110010 -> 011101000
	100110011
	011110000
	100110011 -> 011110000
	100110100
	010110001
	100110100 -> 010110001
	100110101
	010110001
	100110101 -> 010110001
	100110110
	010111001
	100110110 -> 010111001
	100110111
	010110001
	100110111 -> 010110001
	100111000
	011000010
	100111000 -> 011000010
	100111001
	011010010
	100111001 -> 011010010
	100111010
	011001010
	100111010 -> 011001010
	100111011
	011010010
	100111011 -> 011010010
	100111100
	010010011
	100111100 -> 010010011
	100111101
	010010011
	100111101 -> 010010011
	100111110
	010011011
	100111110 -> 010011011
	100111111
	010010011
	100111111 -> 010010011
	101000000
	011100000
	101000000 -> 011100000
	101000001
	011110000
	101000001 -> 011110000
	101000010
	011101000
	101000010 -> 011101000
	101000011
	011110000
	101000011 -> 011110000
	101000100
	010110001
	101000100 -> 010110001
	101000101
	010110001
	101000101 -> 010110001
	101000110
	010111001
	101000110 -> 010111001
	101000111
	010110001
	101000111 -> 010110001
	101001000
	111000010
	101001000 -> 111000010
	101001001
	111010010
	101001001 -> 111010010
	101001010
	111001010
	101001010 -> 111001010
	101001011
	111010010
	101001011 -> 111010010
	101001100
	110010011
	101001100 -> 110010011
	101001101
	110010011
	101001101 -> 110010011
	101001110
	110011011
	101001110 -> 110011011
	101001111
	110010011
	101001111 -> 110010011
	101010000
	011100000
	101010000 -> 011100000
	101010001
	011110000
	101010001 -> 011110000
	101010010
	011101000
	101010010 -> 011101000
	101010011
	011110000
	101010011 -> 011110000
	101010100
	010110001
	101010100 -> 010110001
	101010101
	010110001
	101010101 -> 010110001
	101010110
	010111001
	101010110 -> 010111001
	101010111
	010110001
	101010111 -> 010110001
	101011000
	111000010
	101011000 -> 111000010
	101011001
	111010010
	101011001 -> 111010010
	101011010
	111001010
	101011010 -> 111001010
	101011011
	111010010
	101011011 -> 111010010
	101011100
	110010011
	101011100 -> 110010011
	101011101
	110010011
	101011101 -> 110010011
	101011110
	110011011
	101011110 -> 110011011
	101011111
	110010011
	101011111 -> 110010011
	101100000
	011100000
	101100000 -> 011100000
	101100001
	011110000
	101100001 -> 011110000
	101100010
	011101000
	101100010 -> 011101000
	101100011
	011110000
	101100011 -> 011110000
	101100100
	010110001
	101100100 -> 010110001
	101100101
	010110001
	101100101 -> 010110001
	101100110
	010111001
	101100110 -> 010111001
	101100111
	010110001
	101100111 -> 010110001
	101101000
	111000010
	101101000 -> 111000010
	101101001
	111010010
	101101001 -> 111010010
	101101010
	111001010
	101101010 -> 111001010
	101101011
	111010010
	101101011 -> 111010010
	101101100
	110010011
	101101100 -> 110010011
	101101101
	110010011
	101101101 -> 110010011
	101101110
	110011011
	101101110 -> 110011011
	101101111
	110010011
	101101111 -> 110010011
	101110000
	011100000
	101110000 -> 011100000
	101110001
	011110000
	101110001 -> 011110000
	101110010
	011101000
	101110010 -> 011101000
	101110011
	011110000
	101110011 -> 011110000
	101110100
	010110001
	101110100 -> 010110001
	101110101
	010110001
	101110101 -> 010110001
	101110110
	010111001
	101110110 -> 010111001
	101110111
	010110001
	101110111 -> 010110001
	101111000
	111000010
	101111000 -> 111000010
	101111001
	111010010
	101111001 -> 111010010
	101111010
	111001010
	101111010 -> 111001010
	101111011
	111010010
	101111011 -> 111010010
	101111100
	110010011
	101111100 -> 110010011
	101111101
	110010011
	101111101 -> 110010011
	101111110
	110011011
	101111110 -> 110011011
	101111111
	110010011
	101111111 -> 110010011
	110000000
	001110000
	110000000 -> 001110000
	110000001
	001110000
	110000001 -> 001110000
	110000010
	001111000
	110000010 -> 001111000
	110000011
	001110100
	110000011 -> 001110100
	110000100
	000100001
	110000100 -> 000100001
	110000101
	000110001
	110000101 -> 000110001
	110000110
	000101001
	110000110 -> 000101001
	110000111
	000110101
	110000111 -> 000110101
	110001000
	001010010
	110001000 -> 001010010
	110001001
	001010110
	110001001 -> 001010110
	110001010
	001011010
	110001010 -> 001011010
	110001011
	001010010
	110001011 -> 001010010
	110001100
	000000011
	110001100 -> 000000011
	110001101
	000010111
	110001101 -> 000010111
	110001110
	000001011
	110001110 -> 000001011
	110001111
	000010011
	110001111 -> 000010011
	110010000
	001110000
	110010000 -> 001110000
	110010001
	001110000
	110010001 -> 001110000
	110010010
	001111000
	110010010 -> 001111000
	110010011
	001110100
	110010011 -> 001110100
	110010100
	000100001
	110010100 -> 000100001
	110010101
	000110001
	110010101 -> 000110001
	110010110
	000101001
	110010110 -> 000101001
	110010111
	000110101
	110010111 -> 000110101
	110011000
	001010010
	110011000 -> 001010010
	110011001
	001010110
	110011001 -> 001010110
	110011010
	001011010
	110011010 -> 001011010
	110011011
	001010010
	110011011 -> 001010010
	110011100
	000000011
	110011100 -> 000000011
	110011101
	000010111
	110011101 -> 000010111
	110011110
	000001011
	110011110 -> 000001011
	110011111
	000010011
	110011111 -> 000010011
	110100000
	001110000
	110100000 -> 001110000
	110100001
	001110000
	110100001 -> 001110000
	110100010
	001111000
	110100010 -> 001111000
	110100011
	001110100
	110100011 -> 001110100
	110100100
	000100001
	110100100 -> 000100001
	110100101
	000110001
	110100101 -> 000110001
	110100110
	000101001
	110100110 -> 000101001
	110100111
	000110101
	110100111 -> 000110101
	110101000
	001010010
	110101000 -> 001010010
	110101001
	001010110
	110101001 -> 001010110
	110101010
	001011010
	110101010 -> 001011010
	110101011
	001010010
	110101011 -> 001010010
	110101100
	000000011
	110101100 -> 000000011
	110101101
	000010111
	110101101 -> 000010111
	110101110
	000001011
	110101110 -> 000001011
	110101111
	000010011
	110101111 -> 000010011
	110110000
	001110000
	110110000 -> 001110000
	110110001
	001110000
	110110001 -> 001110000
	110110010
	001111000
	110110010 -> 001111000
	110110011
	001110100
	110110011 -> 001110100
	110110100
	000100001
	110110100 -> 000100001
	110110101
	000110001
	110110101 -> 000110001
	110110110
	000101001
	110110110 -> 000101001
	110110111
	000110101
	110110111 -> 000110101
	110111000
	001010010
	110111000 -> 001010010
	110111001
	001010110
	110111001 -> 001010110
	110111010
	001011010
	110111010 -> 001011010
	110111011
	001010010
	110111011 -> 001010010
	110111100
	000000011
	110111100 -> 000000011
	110111101
	000010111
	110111101 -> 000010111
	110111110
	000001011
	110111110 -> 000001011
	110111111
	000010011
	110111111 -> 000010011
	111000000
	001110000
	111000000 -> 001110000
	111000001
	001110000
	111000001 -> 001110000
	111000010
	001111000
	111000010 -> 001111000
	111000011
	001110100
	111000011 -> 001110100
	111000100
	000100001
	111000100 -> 000100001
	111000101
	000110001
	111000101 -> 000110001
	111000110
	000101001
	111000110 -> 000101001
	111000111
	000110101
	111000111 -> 000110101
	111001000
	101010010
	111001000 -> 101010010
	111001001
	101010110
	111001001 -> 101010110
	111001010
	101011010
	111001010 -> 101011010
	111001011
	101010010
	111001011 -> 101010010
	111001100
	100000011
	111001100 -> 100000011
	111001101
	100010111
	111001101 -> 100010111
	111001110
	100001011
	111001110 -> 100001011
	111001111
	100010011
	111001111 -> 100010011
	111010000
	001110000
	111010000 -> 001110000
	111010001
	001110000
	111010001 -> 001110000
	111010010
	001111000
	111010010 -> 001111000
	111010011
	001110100
	111010011 -> 001110100
	111010100
	000100001
	111010100 -> 000100001
	111010101
	000110001
	111010101 -> 000110001
	111010110
	000101001
	111010110 -> 000101001
	111010111
	000110101
	111010111 -> 000110101
	111011000
	101010010
	111011000 -> 101010010
	111011001
	101010110
	111011001 -> 101010110
	111011010
	101011010
	111011010 -> 101011010
	111011011
	101010010
	111011011 -> 101010010
	111011100
	100000011
	111011100 -> 100000011
	111011101
	100010111
	111011101 -> 100010111
	111011110
	100001011
	111011110 -> 100001011
	111011111
	100010011
	111011111 -> 100010011
	111100000
	001110000
	111100000 -> 001110000
	111100001
	001110000
	111100001 -> 001110000
	111100010
	001111000
	111100010 -> 001111000
	111100011
	001110100
	111100011 -> 001110100
	111100100
	000100001
	111100100 -> 000100001
	111100101
	000110001
	111100101 -> 000110001
	111100110
	000101001
	111100110 -> 000101001
	111100111
	000110101
	111100111 -> 000110101
	111101000
	101010010
	111101000 -> 101010010
	111101001
	101010110
	111101001 -> 101010110
	111101010
	101011010
	111101010 -> 101011010
	111101011
	101010010
	111101011 -> 101010010
	111101100
	100000011
	111101100 -> 100000011
	111101101
	100010111
	111101101 -> 100010111
	111101110
	100001011
	111101110 -> 100001011
	111101111
	100010011
	111101111 -> 100010011
	111110000
	001110000
	111110000 -> 001110000
	111110001
	001110000
	111110001 -> 001110000
	111110010
	001111000
	111110010 -> 001111000
	111110011
	001110100
	111110011 -> 001110100
	111110100
	000100001
	111110100 -> 000100001
	111110101
	000110001
	111110101 -> 000110001
	111110110
	000101001
	111110110 -> 000101001
	111110111
	000110101
	111110111 -> 000110101
	111111000
	101010010
	111111000 -> 101010010
	111111001
	101010110
	111111001 -> 101010110
	111111010
	101011010
	111111010 -> 101011010
	111111011
	101010010
	111111011 -> 101010010
	111111100
	100000011
	111111100 -> 100000011
	111111101
	100010111
	111111101 -> 100010111
	111111110
	100001011
	111111110 -> 100001011
	111111111
	100010011
	111111111 -> 100010011
}
